{"autoClear":true,"clearColor":[0,0,0],"ambientColor":[0,0,0],"gravity":[0,-9.81,0],
"materials":[{"name":"boneanimation.Material","id":"boneanimation.Material","ambient":[0.0392,1,0.0189],"diffuse":[0.0314,0.8,0.0151],"specular":[0.8672,0.8672,0.8672],"emissive":[0,0,0],"specularPower":50,"alpha":1,"backFaceCulling":true},{"name":"boneanimation.Material.002","id":"boneanimation.Material.002","ambient":[0,0,0],"diffuse":[0,0,0],"specular":[0.5,0.5,0.5],"emissive":[0,0,0],"specularPower":50,"alpha":1,"backFaceCulling":true}],
"multiMaterials":[{"name":"boneanimation.Multimaterial#0","id":"boneanimation.Multimaterial#0","materials":["boneanimation.Material","boneanimation.Material.002"]}],
"skeletons":[{"name":"Armature","id":0,"bones":[
{"name":"Bone","index":0,"matrix":[1,0,0,0,0,1,0,0,0,0,-1,0,0,0,0,1],"parentBoneIndex":-1,"animation":{"dataType":3,"framePerSecond":24,"keys":[{"frame":1,"values":[1,0,0,0,0,1,0,0,0,0,-1,0,0,0,0,1]},{"frame":39,"values":[1,0,0,0,0,1,0,0,0,0,-1,0,0,0,0,1]}],"loopBehavior":1,"name":"anim","property":"_matrix"}},
{"name":"Bone.001","index":1,"matrix":[1,0,0,0,0,1,0,0,0,0,1,0,0,0.5478,0,1],"parentBoneIndex":0,"animation":{"dataType":3,"framePerSecond":24,"keys":[{"frame":1,"values":[1,0,0,0,0,1,0,0,0,0,1,0,0,0.5478,0,1]},{"frame":39,"values":[1,0,0,0,0,1,0,0,0,0,1,0,0,0.5478,0,1]}],"loopBehavior":1,"name":"anim","property":"_matrix"}},
{"name":"Bone.002","index":2,"matrix":[0,0,-1,0,-0.9899,-0.1414,0,0,-0.1414,0.9899,0,0,-0.2743,0.4919,0,1],"parentBoneIndex":1,"animation":{"dataType":3,"framePerSecond":24,"keys":[{"frame":1,"values":[0,0,-1,0,-0.9899,-0.1414,0,0,-0.1414,0.9899,0,0,-0.2743,0.4919,0,1]},{"frame":39,"values":[0,0,-1,0,-0.9899,-0.1414,0,0,-0.1414,0.9899,0,0,-0.2743,0.4919,0,1]}],"loopBehavior":1,"name":"anim","property":"_matrix"}},
{"name":"Bone.003","index":3,"matrix":[0.9534,-0.2543,-0.1625,0,0.2878,0.6038,0.7433,0,-0.0909,-0.7555,0.6489,0,0,0.5815,0,1],"parentBoneIndex":2,"animation":{"dataType":3,"framePerSecond":24,"keys":[{"frame":1,"values":[0.9534,-0.2543,-0.1625,0,0.2878,0.6038,0.7433,0,-0.0909,-0.7555,0.6489,0,0,0.5815,0,1]},{"frame":11,"values":[0.9557,-0.2492,-0.1567,0,0.2831,0.6324,0.721,0,-0.0806,-0.7334,0.675,0,0,0.5815,0,1]},{"frame":12,"values":[0.9627,-0.2319,-0.1396,0,0.2661,0.716,0.6454,0,-0.0498,-0.6584,0.751,0,0,0.5815,0,1]},{"frame":13,"values":[0.9736,-0.1974,-0.1149,0,0.2284,0.8383,0.495,0,-0.0014,-0.5082,0.8612,0,0,0.5815,0,1]},{"frame":14,"values":[0.9856,-0.1416,-0.0924,0,0.1607,0.9541,0.2528,0,0.0524,-0.264,0.9631,0,0,0.5815,0,1]},{"frame":15,"values":[0.9939,-0.0694,-0.0861,0,0.0644,0.9962,-0.0587,0,0.0899,0.0528,0.9946,0,0,0.5815,0,1]},{"frame":16,"values":[0.9947,0.0017,-0.1026,0,-0.0391,0.9307,-0.3637,0,0.0949,0.3658,0.9258,0,0,0.5815,0,1]},{"frame":17,"values":[0.9896,0.0549,-0.1328,0,-0.1236,0.7971,-0.5911,0,0.0735,0.6013,0.7956,0,0,0.5815,0,1]},{"frame":18,"values":[0.9829,0.0867,-0.1622,0,-0.1784,0.664,-0.7261,0,0.0448,0.7427,0.6681,0,0,0.5815,0,1]},{"frame":19,"values":[0.978,0.1021,-0.1816,0,-0.2071,0.575,-0.7915,0,0.0236,0.8117,0.5836,0,0,0.5815,0,1]},{"frame":20,"values":[0.9763,0.1066,-0.1882,0,-0.2157,0.5449,-0.8103,0,0.0162,0.8317,0.555,0,0,0.5815,0,1]},{"frame":21,"values":[0.9769,0.1053,-0.1862,0,-0.2131,0.5542,-0.8046,0,0.0185,0.8257,0.5638,0,0,0.5815,0,1]},{"frame":22,"values":[0.9785,0.1009,-0.1799,0,-0.2047,0.583,-0.7863,0,0.0256,0.8062,0.5911,0,0,0.5815,0,1]},{"frame":23,"values":[0.9812,0.0928,-0.1694,0,-0.1896,0.6312,-0.7521,0,0.0371,0.77,0.6369,0,0,0.5815,0,1]},{"frame":24,"values":[0.9847,0.08,-0.1551,0,-0.1665,0.6965,-0.6979,0,0.0522,0.7131,0.6992,0,0,0.5815,0,1]},{"frame":25,"values":[0.9885,0.0617,-0.1383,0,-0.135,0.7728,-0.6201,0,0.0686,0.6316,0.7722,0,0,0.5815,0,1]},{"frame":26,"values":[0.9919,0.0377,-0.121,0,-0.0954,0.8502,-0.5178,0,0.0833,0.5251,0.8469,0,0,0.5815,0,1]},{"frame":27,"values":[0.9944,0.009,-0.1057,0,-0.0503,0.9173,-0.395,0,0.0934,0.398,0.9126,0,0,0.5815,0,1]},{"frame":28,"values":[0.9953,-0.0223,-0.0944,0,-0.0031,0.9653,-0.261,0,0.0969,0.2601,0.9607,0,0,0.5815,0,1]},{"frame":29,"values":[0.9947,-0.0534,-0.0878,0,0.0419,0.991,-0.1275,0,0.0938,0.1231,0.9879,0,0,0.5815,0,1]},{"frame":30,"values":[0.993,-0.082,-0.0856,0,0.0819,0.9966,-0.0044,0,0.0856,-0.0026,0.9963,0,0,0.5815,0,1]},{"frame":31,"values":[0.9905,-0.1066,-0.0865,0,0.1153,0.9881,0.1019,0,0.0746,-0.1109,0.991,0,0,0.5815,0,1]},{"frame":32,"values":[0.9874,-0.1305,-0.0899,0,0.1466,0.9678,0.2048,0,0.0603,-0.2154,0.9747,0,0,0.5815,0,1]},{"frame":33,"values":[0.983,-0.1563,-0.0968,0,0.1793,0.9316,0.3163,0,0.0407,-0.3282,0.9437,0,0,0.5815,0,1]},{"frame":34,"values":[0.9774,-0.1822,-0.1071,0,0.2108,0.8788,0.4282,0,0.0161,-0.4411,0.8973,0,0,0.5815,0,1]},{"frame":35,"values":[0.9712,-0.2058,-0.1202,0,0.2381,0.8136,0.5305,0,-0.0114,-0.5438,0.8391,0,0,0.5815,0,1]},{"frame":36,"values":[0.965,-0.2252,-0.1342,0,0.2593,0.745,0.6147,0,-0.0385,-0.628,0.7773,0,0,0.5815,0,1]},{"frame":37,"values":[0.9598,-0.2394,-0.1467,0,0.2739,0.6836,0.6765,0,-0.0617,-0.6895,0.7217,0,0,0.5815,0,1]},{"frame":38,"values":[0.956,-0.2485,-0.156,0,0.2827,0.6377,0.7165,0,-0.0785,-0.7291,0.6799,0,0,0.5815,0,1]},{"frame":39,"values":[0.9539,-0.2532,-0.1613,0,0.287,0.6111,0.7377,0,-0.0882,-0.75,0.6555,0,0,0.5815,0,1]}],"loopBehavior":1,"name":"anim","property":"_matrix"}},
{"name":"Bone.004","index":4,"matrix":[1,0,0,0,0,1,0,0,0,0,1,0,0,0.4882,0,1],"parentBoneIndex":1,"animation":{"dataType":3,"framePerSecond":24,"keys":[{"frame":1,"values":[1,0,0,0,0,1,0,0,0,0,1,0,0,0.4882,0,1]},{"frame":39,"values":[1,0,0,0,0,1,0,0,0,0,1,0,0,0.4882,0,1]}],"loopBehavior":1,"name":"anim","property":"_matrix"}},
{"name":"Bone.005","index":5,"matrix":[0,0,-1,0,0.9899,-0.1414,0,0,-0.1414,-0.9899,0,0,0.2743,0.4919,0,1],"parentBoneIndex":1,"animation":{"dataType":3,"framePerSecond":24,"keys":[{"frame":1,"values":[0,0,-1,0,0.9899,-0.1414,0,0,-0.1414,-0.9899,0,0,0.2743,0.4919,0,1]},{"frame":39,"values":[0,0,-1,0,0.9899,-0.1414,0,0,-0.1414,-0.9899,0,0,0.2743,0.4919,0,1]}],"loopBehavior":1,"name":"anim","property":"_matrix"}},
{"name":"Bone.008","index":6,"matrix":[0.977,0.2046,0.0597,0,-0.2112,0.8914,0.401,0,0.0288,-0.4044,0.9141,0,0,0.5815,0,1],"parentBoneIndex":5,"animation":{"dataType":3,"framePerSecond":24,"keys":[{"frame":1,"values":[0.977,0.2046,0.0597,0,-0.2112,0.8914,0.401,0,0.0288,-0.4044,0.9141,0,0,0.5815,0,1]},{"frame":11,"values":[0.978,0.1999,0.059,0,-0.2071,0.9011,0.3809,0,0.023,-0.3847,0.9227,0,0,0.5815,0,1]},{"frame":12,"values":[0.981,0.1854,0.0574,0,-0.194,0.9279,0.3185,0,0.0058,-0.3235,0.9462,0,0,0.5815,0,1]},{"frame":13,"values":[0.9853,0.1612,0.0571,0,-0.1698,0.9625,0.2118,0,-0.0208,-0.2184,0.9756,0,0,0.5815,0,1]},{"frame":14,"values":[0.9898,0.1289,0.0608,0,-0.1328,0.989,0.0655,0,-0.0517,-0.0729,0.996,0,0,0.5815,0,1]},{"frame":15,"values":[0.9932,0.0927,0.071,0,-0.0851,0.9909,-0.1039,0,-0.08,0.0971,0.9921,0,0,0.5815,0,1]},{"frame":16,"values":[0.9945,0.0586,0.0871,0,-0.0331,0.9624,-0.2696,0,-0.0996,0.2652,0.959,0,0,0.5815,0,1]},{"frame":17,"values":[0.9939,0.0315,0.1056,0,0.0143,0.9134,-0.4068,0,-0.1093,0.4058,0.9074,0,0,0.5815,0,1]},{"frame":18,"values":[0.9925,0.0132,0.1219,0,0.0504,0.8627,-0.5032,0,-0.1118,0.5055,0.8555,0,0,0.5815,0,1]},{"frame":19,"values":[0.9912,0.003,0.1327,0,0.0722,0.8267,-0.558,0,-0.1113,0.5627,0.8191,0,0,0.5815,0,1]},{"frame":20,"values":[0.9907,-0.0002,0.1363,0,0.0793,0.814,-0.5755,0,-0.1109,0.5809,0.8064,0,0,0.5815,0,1]},{"frame":21,"values":[0.9908,0.0008,0.1352,0,0.0771,0.8179,-0.5701,0,-0.111,0.5753,0.8104,0,0,0.5815,0,1]},{"frame":22,"values":[0.9913,0.0039,0.1317,0,0.0703,0.83,-0.5533,0,-0.1114,0.5578,0.8225,0,0,0.5815,0,1]},{"frame":23,"values":[0.992,0.0093,0.1259,0,0.0585,0.8497,-0.524,0,-0.1118,0.5272,0.8423,0,0,0.5815,0,1]},{"frame":24,"values":[0.9929,0.0172,0.118,0,0.042,0.8754,-0.4815,0,-0.1116,0.483,0.8685,0,0,0.5815,0,1]},{"frame":25,"values":[0.9937,0.0278,0.1086,0,0.0213,0.9044,-0.4262,0,-0.1101,0.4258,0.8981,0,0,0.5815,0,1]},{"frame":26,"values":[0.9943,0.0406,0.0987,0,-0.0023,0.9329,-0.3602,0,-0.1067,0.3579,0.9276,0,0,0.5815,0,1]},{"frame":27,"values":[0.9945,0.0551,0.0892,0,-0.0272,0.9574,-0.2873,0,-0.1012,0.2833,0.9537,0,0,0.5815,0,1]},{"frame":28,"values":[0.9943,0.0702,0.0808,0,-0.0516,0.9758,-0.2126,0,-0.0938,0.2072,0.9738,0,0,0.5815,0,1]},{"frame":29,"values":[0.9936,0.0851,0.074,0,-0.074,0.9873,-0.1406,0,-0.085,0.1342,0.9873,0,0,0.5815,0,1]},{"frame":30,"values":[0.9927,0.0988,0.0688,0,-0.0936,0.9928,-0.075,0,-0.0757,0.068,0.9948,0,0,0.5815,0,1]},{"frame":31,"values":[0.9917,0.1109,0.065,0,-0.11,0.9938,-0.0179,0,-0.0666,0.0106,0.9977,0,0,0.5815,0,1]},{"frame":32,"values":[0.9905,0.1231,0.062,0,-0.1256,0.9913,0.0386,0,-0.0567,-0.046,0.9973,0,0,0.5815,0,1]},{"frame":33,"values":[0.9888,0.1368,0.0595,0,-0.1424,0.9846,0.1018,0,-0.0446,-0.1091,0.993,0,0,0.5815,0,1]},{"frame":34,"values":[0.9867,0.1516,0.0577,0,-0.1594,0.9727,0.1688,0,-0.0305,-0.1757,0.984,0,0,0.5815,0,1]},{"frame":35,"values":[0.9844,0.1664,0.057,0,-0.1752,0.9561,0.2347,0,-0.0154,-0.241,0.9704,0,0,0.5815,0,1]},{"frame":36,"values":[0.982,0.1799,0.0572,0,-0.1888,0.937,0.294,0,-0.0007,-0.2995,0.9541,0,0,0.5815,0,1]},{"frame":37,"values":[0.9799,0.1909,0.058,0,-0.1991,0.9184,0.3418,0,0.012,-0.3465,0.938,0,0,0.5815,0,1]},{"frame":38,"values":[0.9783,0.1987,0.0589,0,-0.2062,0.9035,0.3757,0,0.0215,-0.3796,0.9249,0,0,0.5815,0,1]},{"frame":39,"values":[0.9773,0.2032,0.0595,0,-0.21,0.8943,0.3951,0,0.0271,-0.3986,0.9167,0,0,0.5815,0,1]}],"loopBehavior":1,"name":"anim","property":"_matrix"}},
{"name":"Bone.006","index":7,"matrix":[-0.2245,0.0513,-0.9731,0,-0.7246,-0.6765,0.1315,0,-0.6516,0.7346,0.1891,0,-0.1948,0.1351,0.0561,1],"parentBoneIndex":0,"animation":{"dataType":3,"framePerSecond":24,"keys":[{"frame":1,"values":[-0.2245,0.0513,-0.9731,0,-0.7246,-0.6765,0.1315,0,-0.6516,0.7346,0.1891,0,-0.1948,0.1351,0.0561,1]},{"frame":2,"values":[-0.2039,0.0747,-0.9761,0,-0.725,-0.6815,0.0993,0,-0.6578,0.728,0.1931,0,-0.1948,0.1351,0.0561,1]},{"frame":3,"values":[-0.1703,0.1132,-0.9789,0,-0.7243,-0.688,0.0464,0,-0.6682,0.7169,0.1991,0,-0.1948,0.1351,0.0561,1]},{"frame":4,"values":[-0.1263,0.1641,-0.9783,0,-0.7204,-0.6932,-0.0232,0,-0.682,0.7018,0.2057,0,-0.1948,0.1351,0.0561,1]},{"frame":5,"values":[-0.0769,0.222,-0.972,0,-0.7121,-0.6946,-0.1023,0,-0.6979,0.6843,0.2115,0,-0.1948,0.1351,0.0561,1]},{"frame":6,"values":[-0.0284,0.2797,-0.9597,0,-0.6997,-0.6912,-0.1807,0,-0.7139,0.6664,0.2153,0,-0.1948,0.1351,0.0561,1]},{"frame":7,"values":[0.0132,0.33,-0.9439,0,-0.6855,-0.6842,-0.2488,0,-0.728,0.6503,0.2172,0,-0.1948,0.1351,0.0561,1]},{"frame":8,"values":[0.0442,0.3679,-0.9288,0,-0.6726,-0.6765,-0.2999,0,-0.7387,0.638,0.2175,0,-0.1948,0.1351,0.0561,1]},{"frame":9,"values":[0.0628,0.3908,-0.9183,0,-0.6639,-0.6707,-0.3308,0,-0.7452,0.6304,0.2173,0,-0.1948,0.1351,0.0561,1]},{"frame":10,"values":[0.0689,0.3984,-0.9146,0,-0.6609,-0.6686,-0.341,0,-0.7473,0.6279,0.2172,0,-0.1948,0.1351,0.0561,1]},{"frame":11,"values":[0.0651,0.3933,-0.9171,0,-0.6634,-0.6695,-0.3342,0,-0.7454,0.6301,0.2174,0,-0.1948,0.1351,0.0561,1]},{"frame":12,"values":[0.0531,0.3777,-0.9244,0,-0.6709,-0.6721,-0.3132,0,-0.7396,0.6369,0.2177,0,-0.1948,0.1351,0.0561,1]},{"frame":13,"values":[0.0324,0.3512,-0.9357,0,-0.6827,-0.676,-0.2774,0,-0.73,0.6478,0.2179,0,-0.1948,0.1351,0.0561,1]},{"frame":14,"values":[0.003,0.3145,-0.9493,0,-0.697,-0.68,-0.2275,0,-0.7171,0.6623,0.2171,0,-0.1948,0.1351,0.0561,1]},{"frame":15,"values":[-0.0339,0.2696,-0.9624,0,-0.7113,-0.683,-0.1663,0,-0.7021,0.6789,0.2149,0,-0.1948,0.1351,0.0561,1]},{"frame":16,"values":[-0.0757,0.2201,-0.9725,0,-0.723,-0.6838,-0.0985,0,-0.6867,0.6956,0.2109,0,-0.1948,0.1351,0.0561,1]},{"frame":17,"values":[-0.1192,0.1699,-0.9782,0,-0.7303,-0.6825,-0.0296,0,-0.6727,0.7109,0.2054,0,-0.1948,0.1351,0.0561,1]},{"frame":18,"values":[-0.161,0.1224,-0.9793,0,-0.7326,-0.6798,0.0355,0,-0.6614,0.7231,0.1991,0,-0.1948,0.1351,0.0561,1]},{"frame":19,"values":[-0.1988,0.0799,-0.9768,0,-0.7303,-0.6768,0.0933,0,-0.6536,0.7318,0.193,0,-0.1948,0.1351,0.0561,1]},{"frame":20,"values":[-0.2314,0.0436,-0.9719,0,-0.7243,-0.6747,0.1421,0,-0.6495,0.7368,0.1877,0,-0.1948,0.1351,0.0561,1]},{"frame":21,"values":[-0.2622,0.0072,-0.965,0,-0.7139,-0.6743,0.1889,0,-0.6493,0.7385,0.1819,0,-0.1948,0.1351,0.0561,1]},{"frame":22,"values":[-0.2948,-0.0354,-0.9549,0,-0.6975,-0.6751,0.2403,0,-0.6531,0.7369,0.1743,0,-0.1948,0.1351,0.0561,1]},{"frame":23,"values":[-0.3278,-0.0835,-0.941,0,-0.675,-0.6762,0.2951,0,-0.661,0.732,0.1653,0,-0.1948,0.1351,0.0561,1]},{"frame":24,"values":[-0.3596,-0.1352,-0.9233,0,-0.6471,-0.6768,0.3511,0,-0.6723,0.7237,0.1559,0,-0.1948,0.1351,0.0561,1]},{"frame":25,"values":[-0.3881,-0.1877,-0.9023,0,-0.6154,-0.676,0.4053,0,-0.686,0.7126,0.1468,0,-0.1948,0.1351,0.0561,1]},{"frame":26,"values":[-0.4119,-0.2375,-0.8797,0,-0.5827,-0.6736,0.4547,0,-0.7006,0.6999,0.139,0,-0.1948,0.1351,0.0561,1]},{"frame":27,"values":[-0.4302,-0.2813,-0.8578,0,-0.5519,-0.67,0.4965,0,-0.7144,0.687,0.133,0,-0.1948,0.1351,0.0561,1]},{"frame":28,"values":[-0.443,-0.3165,-0.8388,0,-0.5259,-0.666,0.529,0,-0.7261,0.6755,0.1286,0,-0.1948,0.1351,0.0561,1]},{"frame":29,"values":[-0.4512,-0.3416,-0.8245,0,-0.5066,-0.6626,0.5517,0,-0.7347,0.6666,0.1259,0,-0.1948,0.1351,0.0561,1]},{"frame":30,"values":[-0.4555,-0.3563,-0.8158,0,-0.4949,-0.6604,0.5647,0,-0.74,0.661,0.1245,0,-0.1948,0.1351,0.0561,1]},{"frame":31,"values":[-0.4568,-0.3611,-0.813,0,-0.4911,-0.6597,0.5689,0,-0.7417,0.6591,0.124,0,-0.1948,0.1351,0.0561,1]},{"frame":32,"values":[-0.4542,-0.3526,-0.8181,0,-0.4975,-0.6614,0.5613,0,-0.7391,0.6619,0.125,0,-0.1948,0.1351,0.0561,1]},{"frame":33,"values":[-0.4457,-0.3267,-0.8334,0,-0.5167,-0.6664,0.5376,0,-0.731,0.6702,0.1282,0,-0.1948,0.1351,0.0561,1]},{"frame":34,"values":[-0.4298,-0.2836,-0.8572,0,-0.5475,-0.6731,0.4972,0,-0.718,0.683,0.134,0,-0.1948,0.1351,0.0561,1]},{"frame":35,"values":[-0.4053,-0.2261,-0.8858,0,-0.5863,-0.6791,0.4416,0,-0.7014,0.6983,0.1427,0,-0.1948,0.1351,0.0561,1]},{"frame":36,"values":[-0.3729,-0.1602,-0.914,0,-0.6275,-0.6821,0.3756,0,-0.6836,0.7135,0.1538,0,-0.1948,0.1351,0.0561,1]},{"frame":37,"values":[-0.3351,-0.0942,-0.9375,0,-0.6649,-0.6813,0.3061,0,-0.6675,0.7259,0.1657,0,-0.1948,0.1351,0.0561,1]},{"frame":38,"values":[-0.2965,-0.0354,-0.9544,0,-0.6943,-0.6781,0.2409,0,-0.6557,0.7341,0.1765,0,-0.1948,0.1351,0.0561,1]},{"frame":39,"values":[-0.261,0.0111,-0.9653,0,-0.714,-0.6752,0.1853,0,-0.6497,0.7376,0.1841,0,-0.1948,0.1351,0.0561,1]}],"loopBehavior":1,"name":"anim","property":"_matrix"}},
{"name":"Bone.007","index":8,"matrix":[0.7742,-0.579,0.2558,0,0.6289,0.6578,-0.4145,0,0.0717,0.4818,0.8734,0,0,0.4994,0,1],"parentBoneIndex":7,"animation":{"dataType":3,"framePerSecond":24,"keys":[{"frame":1,"values":[0.7742,-0.579,0.2558,0,0.6289,0.6578,-0.4145,0,0.0717,0.4818,0.8734,0,0,0.4994,0,1]},{"frame":2,"values":[0.7774,-0.5745,0.2561,0,0.6263,0.6694,-0.3996,0,0.0581,0.471,0.8802,0,0,0.4994,0,1]},{"frame":3,"values":[0.7835,-0.5662,0.2558,0,0.6203,0.6887,-0.3754,0,0.0364,0.4528,0.8909,0,0,0.4994,0,1]},{"frame":4,"values":[0.7932,-0.5533,0.2543,0,0.6089,0.7148,-0.344,0,0.0085,0.4277,0.9039,0,0,0.4994,0,1]},{"frame":5,"values":[0.8068,-0.5349,0.2508,0,0.5904,0.7457,-0.3088,0,-0.0219,0.3972,0.9175,0,0,0.4994,0,1]},{"frame":6,"values":[0.8242,-0.5108,0.2444,0,0.564,0.779,-0.2741,0,-0.0504,0.3638,0.9301,0,0,0.4994,0,1]},{"frame":7,"values":[0.8448,-0.4809,0.2346,0,0.53,0.812,-0.2444,0,-0.073,0.3308,0.9409,0,0,0.4994,0,1]},{"frame":8,"values":[0.8676,-0.4455,0.2208,0,0.4896,0.843,-0.2228,0,-0.0869,0.3014,0.9495,0,0,0.4994,0,1]},{"frame":9,"values":[0.8914,-0.4054,0.2024,0,0.444,0.8708,-0.211,0,-0.0908,0.2779,0.9563,0,0,0.4994,0,1]},{"frame":10,"values":[0.9151,-0.3613,0.1791,0,0.3943,0.8949,-0.2092,0,-0.0847,0.262,0.9613,0,0,0.4994,0,1]},{"frame":11,"values":[0.941,-0.3071,0.1425,0,0.3327,0.9164,-0.2223,0,-0.0623,0.2566,0.9645,0,0,0.4994,0,1]},{"frame":12,"values":[0.9683,-0.2358,0.0824,0,0.2492,0.9346,-0.2536,0,-0.0172,0.2661,0.9638,0,0,0.4994,0,1]},{"frame":13,"values":[0.9887,-0.1501,-0.0031,0,0.1424,0.9441,-0.2974,0,0.0476,0.2936,0.9547,0,0,0.4994,0,1]},{"frame":14,"values":[0.9922,-0.0575,-0.1107,0,0.016,0.9388,-0.344,0,0.1237,0.3396,0.9324,0,0,0.4994,0,1]},{"frame":15,"values":[0.9727,0.0305,-0.23,0,-0.1192,0.9162,-0.3826,0,0.199,0.3996,0.8948,0,0,0.4994,0,1]},{"frame":16,"values":[0.933,0.1026,-0.3451,0,-0.247,0.8798,-0.4061,0,0.2619,0.464,0.8462,0,0,0.4994,0,1]},{"frame":17,"values":[0.8842,0.1533,-0.4411,0,-0.3524,0.8389,-0.4147,0,0.3065,0.5222,0.7959,0,0,0.4994,0,1]},{"frame":18,"values":[0.8402,0.184,-0.51,0,-0.4275,0.8035,-0.4143,0,0.3335,0.5662,0.7538,0,0,0.4994,0,1]},{"frame":19,"values":[0.8109,0.1994,-0.5501,0,-0.471,0.7803,-0.4114,0,0.3472,0.5927,0.7267,0,0,0.4994,0,1]},{"frame":20,"values":[0.8009,0.2039,-0.563,0,-0.4849,0.7724,-0.4101,0,0.3513,0.6014,0.7175,0,0,0.4994,0,1]},{"frame":21,"values":[0.8086,0.2076,-0.5505,0,-0.4784,0.7766,-0.4099,0,0.3424,0.5948,0.7273,0,0,0.4994,0,1]},{"frame":22,"values":[0.8314,0.2176,-0.5113,0,-0.4581,0.7893,-0.4089,0,0.3146,0.5741,0.7559,0,0,0.4994,0,1]},{"frame":23,"values":[0.8662,0.2307,-0.4433,0,-0.4232,0.8104,-0.4053,0,0.2657,0.5386,0.7996,0,0,0.4994,0,1]},{"frame":24,"values":[0.9067,0.2411,-0.3459,0,-0.3741,0.8385,-0.3962,0,0.1946,0.4887,0.8505,0,0,0.4994,0,1]},{"frame":25,"values":[0.944,0.2422,-0.224,0,-0.3133,0.8708,-0.3789,0,0.1033,0.4278,0.8979,0,0,0.4994,0,1]},{"frame":26,"values":[0.9695,0.2287,-0.0885,0,-0.2452,0.9032,-0.3523,0,-0.0006,0.3633,0.9317,0,0,0.4994,0,1]},{"frame":27,"values":[0.9789,0.1993,0.0447,0,-0.1751,0.9315,-0.319,0,-0.1053,0.3044,0.9467,0,0,0.4994,0,1]},{"frame":28,"values":[0.9742,0.1576,0.1616,0,-0.107,0.9529,-0.2839,0,-0.1987,0.2593,0.9451,0,0,0.4994,0,1]},{"frame":29,"values":[0.9613,0.1088,0.2532,0,-0.0427,0.9666,-0.2529,0,-0.2723,0.2323,0.9338,0,0,0.4994,0,1]},{"frame":30,"values":[0.9466,0.0578,0.3172,0,0.0179,0.9729,-0.2306,0,-0.3219,0.224,0.9199,0,0,0.4994,0,1]},{"frame":31,"values":[0.935,0.0076,0.3547,0,0.0756,0.9725,-0.2202,0,-0.3466,0.2327,0.9087,0,0,0.4994,0,1]},{"frame":32,"values":[0.927,-0.0502,0.3718,0,0.1409,0.965,-0.221,0,-0.3477,0.2573,0.9016,0,0,0.4994,0,1]},{"frame":33,"values":[0.9193,-0.1248,0.3733,0,0.2226,0.9469,-0.2318,0,-0.3246,0.2962,0.8983,0,0,0.4994,0,1]},{"frame":34,"values":[0.9078,-0.2132,0.3611,0,0.3157,0.9143,-0.2536,0,-0.2761,0.3443,0.8974,0,0,0.4994,0,1]},{"frame":35,"values":[0.8886,-0.3089,0.3391,0,0.4102,0.8661,-0.2857,0,-0.2054,0.393,0.8963,0,0,0.4994,0,1]},{"frame":36,"values":[0.8607,-0.4014,0.3131,0,0.4941,0.8067,-0.3241,0,-0.1225,0.4337,0.8927,0,0,0.4994,0,1]},{"frame":37,"values":[0.8286,-0.4795,0.2889,0,0.5583,0.7465,-0.3621,0,-0.042,0.4614,0.8862,0,0,0.4994,0,1]},{"frame":38,"values":[0.7995,-0.5363,0.2705,0,0.6003,0.6965,-0.3931,0,0.0224,0.4767,0.8788,0,0,0.4994,0,1]},{"frame":39,"values":[0.7799,-0.5696,0.2593,0,0.6227,0.6647,-0.4128,0,0.0628,0.4835,0.8731,0,0,0.4994,0,1]}],"loopBehavior":1,"name":"anim","property":"_matrix"}},
{"name":"Bone.009","index":9,"matrix":[0.2913,0.1258,-0.9483,0,0.6332,-0.7684,0.0925,0,-0.7171,-0.6275,-0.3035,0,0.2038,0.1456,0.0552,1],"parentBoneIndex":0,"animation":{"dataType":3,"framePerSecond":24,"keys":[{"frame":1,"values":[0.2913,0.1258,-0.9483,0,0.6332,-0.7684,0.0925,0,-0.7171,-0.6275,-0.3035,0,0.2038,0.1456,0.0552,1]},{"frame":2,"values":[0.2964,0.1137,-0.9483,0,0.6318,-0.7679,0.1054,0,-0.7162,-0.6304,-0.2995,0,0.2038,0.1456,0.0552,1]},{"frame":3,"values":[0.3048,0.094,-0.9478,0,0.6294,-0.7667,0.1264,0,-0.7148,-0.6351,-0.2929,0,0.2038,0.1456,0.0552,1]},{"frame":4,"values":[0.3157,0.0682,-0.9464,0,0.626,-0.7645,0.1538,0,-0.713,-0.641,-0.284,0,0.2038,0.1456,0.0552,1]},{"frame":5,"values":[0.3279,0.0389,-0.9439,0,0.6218,-0.7611,0.1846,0,-0.7112,-0.6475,-0.2738,0,0.2038,0.1456,0.0552,1]},{"frame":6,"values":[0.34,0.0097,-0.9404,0,0.6172,-0.7568,0.2153,0,-0.7096,-0.6536,-0.2633,0,0.2038,0.1456,0.0552,1]},{"frame":7,"values":[0.3506,-0.016,-0.9364,0,0.6128,-0.7522,0.2422,0,-0.7082,-0.6587,-0.2539,0,0.2038,0.1456,0.0552,1]},{"frame":8,"values":[0.3586,-0.0355,-0.9328,0,0.6092,-0.7482,0.2627,0,-0.7073,-0.6625,-0.2466,0,0.2038,0.1456,0.0552,1]},{"frame":9,"values":[0.3635,-0.0475,-0.9304,0,0.607,-0.7455,0.2752,0,-0.7067,-0.6648,-0.2421,0,0.2038,0.1456,0.0552,1]},{"frame":10,"values":[0.3651,-0.0515,-0.9296,0,0.6062,-0.7446,0.2793,0,-0.7066,-0.6655,-0.2406,0,0.2038,0.1456,0.0552,1]},{"frame":11,"values":[0.3643,-0.0496,-0.9299,0,0.6066,-0.745,0.2774,0,-0.7066,-0.6652,-0.2414,0,0.2038,0.1456,0.0552,1]},{"frame":12,"values":[0.362,-0.0435,-0.9312,0,0.6079,-0.7463,0.2712,0,-0.7067,-0.6642,-0.2437,0,0.2038,0.1456,0.0552,1]},{"frame":13,"values":[0.3579,-0.0329,-0.9332,0,0.61,-0.7484,0.2603,0,-0.707,-0.6624,-0.2478,0,0.2038,0.1456,0.0552,1]},{"frame":14,"values":[0.3518,-0.0175,-0.9359,0,0.613,-0.7513,0.2445,0,-0.7075,-0.6597,-0.2536,0,0.2038,0.1456,0.0552,1]},{"frame":15,"values":[0.3439,0.0022,-0.939,0,0.6166,-0.7548,0.2241,0,-0.7082,-0.656,-0.2609,0,0.2038,0.1456,0.0552,1]},{"frame":16,"values":[0.3344,0.0254,-0.9421,0,0.6205,-0.7584,0.1998,0,-0.7094,-0.6513,-0.2694,0,0.2038,0.1456,0.0552,1]},{"frame":17,"values":[0.3238,0.0509,-0.9448,0,0.6244,-0.7618,0.1729,0,-0.7109,-0.6459,-0.2784,0,0.2038,0.1456,0.0552,1]},{"frame":18,"values":[0.3125,0.0775,-0.9468,0,0.628,-0.7647,0.1447,0,-0.7127,-0.6397,-0.2876,0,0.2038,0.1456,0.0552,1]},{"frame":19,"values":[0.301,0.104,-0.9479,0,0.6311,-0.7669,0.1162,0,-0.7149,-0.6332,-0.2965,0,0.2038,0.1456,0.0552,1]},{"frame":20,"values":[0.2896,0.1299,-0.9483,0,0.6337,-0.7685,0.0883,0,-0.7174,-0.6265,-0.3048,0,0.2038,0.1456,0.0552,1]},{"frame":21,"values":[0.2767,0.1585,-0.9478,0,0.636,-0.7696,0.0569,0,-0.7204,-0.6185,-0.3138,0,0.2038,0.1456,0.0552,1]},{"frame":22,"values":[0.2607,0.1938,-0.9458,0,0.6381,-0.7697,0.0182,0,-0.7245,-0.6083,-0.3243,0,0.2038,0.1456,0.0552,1]},{"frame":23,"values":[0.2419,0.2346,-0.9415,0,0.6397,-0.7682,-0.027,0,-0.7296,-0.5957,-0.3359,0,0.2038,0.1456,0.0552,1]},{"frame":24,"values":[0.2212,0.2793,-0.9344,0,0.6403,-0.7643,-0.0769,0,-0.7356,-0.5813,-0.3479,0,0.2038,0.1456,0.0552,1]},{"frame":25,"values":[0.1997,0.3252,-0.9243,0,0.6397,-0.7578,-0.1284,0,-0.7422,-0.5657,-0.3594,0,0.2038,0.1456,0.0552,1]},{"frame":26,"values":[0.1791,0.369,-0.912,0,0.638,-0.7492,-0.1779,0,-0.7489,-0.55,-0.3696,0,0.2038,0.1456,0.0552,1]},{"frame":27,"values":[0.1608,0.4076,-0.8989,0,0.6355,-0.7396,-0.2217,0,-0.7552,-0.5356,-0.3779,0,0.2038,0.1456,0.0552,1]},{"frame":28,"values":[0.146,0.4386,-0.8868,0,0.6328,-0.7304,-0.2571,0,-0.7605,-0.5236,-0.3841,0,0.2038,0.1456,0.0552,1]},{"frame":29,"values":[0.1353,0.4607,-0.8772,0,0.6304,-0.723,-0.2825,0,-0.7643,-0.5148,-0.3883,0,0.2038,0.1456,0.0552,1]},{"frame":30,"values":[0.1291,0.4737,-0.8712,0,0.6289,-0.7183,-0.2975,0,-0.7667,-0.5095,-0.3907,0,0.2038,0.1456,0.0552,1]},{"frame":31,"values":[0.127,0.478,-0.8691,0,0.6284,-0.7168,-0.3023,0,-0.7675,-0.5077,-0.3914,0,0.2038,0.1456,0.0552,1]},{"frame":32,"values":[0.1313,0.469,-0.8734,0,0.6294,-0.7201,-0.2921,0,-0.7659,-0.5114,-0.3898,0,0.2038,0.1456,0.0552,1]},{"frame":33,"values":[0.1442,0.442,-0.8854,0,0.6322,-0.7294,-0.2611,0,-0.7612,-0.5221,-0.3846,0,0.2038,0.1456,0.0552,1]},{"frame":34,"values":[0.1653,0.3975,-0.9026,0,0.6358,-0.7425,-0.2106,0,-0.7539,-0.5391,-0.3755,0,0.2038,0.1456,0.0552,1]},{"frame":35,"values":[0.1925,0.3397,-0.9206,0,0.6387,-0.7556,-0.1452,0,-0.7449,-0.5601,-0.3625,0,0.2038,0.1456,0.0552,1]},{"frame":36,"values":[0.2223,0.276,-0.9351,0,0.6397,-0.7651,-0.0737,0,-0.7358,-0.5818,-0.3466,0,0.2038,0.1456,0.0552,1]},{"frame":37,"values":[0.25,0.2162,-0.9438,0,0.6386,-0.7695,-0.0072,0,-0.7278,-0.6009,-0.3304,0,0.2038,0.1456,0.0552,1]},{"frame":38,"values":[0.2717,0.169,-0.9474,0,0.6364,-0.77,0.0451,0,-0.7219,-0.6152,-0.3168,0,0.2038,0.1456,0.0552,1]},{"frame":39,"values":[0.2851,0.1396,-0.9483,0,0.6344,-0.7691,0.0775,0,-0.7185,-0.6237,-0.3079,0,0.2038,0.1456,0.0552,1]}],"loopBehavior":1,"name":"anim","property":"_matrix"}},
{"name":"Bone.010","index":10,"matrix":[0.9296,0.0074,0.3686,0,-0.2343,0.7838,0.5751,0,-0.2847,-0.6209,0.7304,0,0,0.4994,0,1],"parentBoneIndex":9,"animation":{"dataType":3,"framePerSecond":24,"keys":[{"frame":1,"values":[0.9296,0.0074,0.3686,0,-0.2343,0.7838,0.5751,0,-0.2847,-0.6209,0.7304,0,0,0.4994,0,1]},{"frame":2,"values":[0.928,0.0117,0.3723,0,-0.2391,0.7852,0.5713,0,-0.2856,-0.6191,0.7315,0,0,0.4994,0,1]},{"frame":3,"values":[0.9255,0.0187,0.3782,0,-0.2467,0.7875,0.5648,0,-0.2873,-0.616,0.7335,0,0,0.4994,0,1]},{"frame":4,"values":[0.9221,0.0279,0.386,0,-0.2566,0.7907,0.5558,0,-0.2897,-0.6115,0.7363,0,0,0.4994,0,1]},{"frame":5,"values":[0.9181,0.0385,0.3945,0,-0.2675,0.7947,0.5449,0,-0.2926,-0.6058,0.7399,0,0,0.4994,0,1]},{"frame":6,"values":[0.9139,0.0491,0.4029,0,-0.2779,0.7992,0.5329,0,-0.2959,-0.599,0.7441,0,0,0.4994,0,1]},{"frame":7,"values":[0.9101,0.0585,0.4102,0,-0.2865,0.8041,0.5209,0,-0.2994,-0.5916,0.7486,0,0,0.4994,0,1]},{"frame":8,"values":[0.9072,0.0659,0.4156,0,-0.2922,0.8092,0.5097,0,-0.3027,-0.5838,0.7534,0,0,0.4994,0,1]},{"frame":9,"values":[0.9054,0.0705,0.4187,0,-0.2946,0.8144,0.4999,0,-0.3057,-0.576,0.7581,0,0,0.4994,0,1]},{"frame":10,"values":[0.9048,0.0723,0.4196,0,-0.2936,0.8196,0.492,0,-0.3083,-0.5684,0.7628,0,0,0.4994,0,1]},{"frame":11,"values":[0.9087,0.0624,0.4128,0,-0.279,0.8263,0.4892,0,-0.3105,-0.5597,0.7683,0,0,0.4994,0,1]},{"frame":12,"values":[0.9192,0.032,0.3926,0,-0.2402,0.8354,0.4943,0,-0.3122,-0.5487,0.7756,0,0,0.4994,0,1]},{"frame":13,"values":[0.9331,-0.0185,0.3591,0,-0.1778,0.8443,0.5056,0,-0.3125,-0.5356,0.7845,0,0,0.4994,0,1]},{"frame":14,"values":[0.9456,-0.0855,0.3139,0,-0.0956,0.8491,0.5196,0,-0.3109,-0.5213,0.7947,0,0,0.4994,0,1]},{"frame":15,"values":[0.9517,-0.1619,0.261,0,-0.002,0.8465,0.5324,0,-0.3071,-0.5072,0.8053,0,0,0.4994,0,1]},{"frame":16,"values":[0.9491,-0.2375,0.2068,0,0.0913,0.836,0.541,0,-0.3014,-0.4946,0.8152,0,0,0.4994,0,1]},{"frame":17,"values":[0.9398,-0.3028,0.1585,0,0.1725,0.8206,0.5449,0,-0.2951,-0.4847,0.8234,0,0,0.4994,0,1]},{"frame":18,"values":[0.9283,-0.3513,0.1214,0,0.2333,0.805,0.5454,0,-0.2894,-0.478,0.8293,0,0,0.4994,0,1]},{"frame":19,"values":[0.9196,-0.3803,0.0984,0,0.2701,0.794,0.5446,0,-0.2853,-0.4743,0.8329,0,0,0.4994,0,1]},{"frame":20,"values":[0.9166,-0.3895,0.0904,0,0.2821,0.7902,0.5441,0,-0.2834,-0.4732,0.8341,0,0,0.4994,0,1]},{"frame":21,"values":[0.917,-0.3886,0.0898,0,0.2817,0.7904,0.5439,0,-0.2823,-0.4735,0.8343,0,0,0.4994,0,1]},{"frame":22,"values":[0.918,-0.3865,0.0893,0,0.2802,0.7911,0.5438,0,-0.2808,-0.4742,0.8345,0,0,0.4994,0,1]},{"frame":23,"values":[0.9195,-0.3828,0.0892,0,0.277,0.7921,0.5438,0,-0.2789,-0.4753,0.8344,0,0,0.4994,0,1]},{"frame":24,"values":[0.9217,-0.3772,0.09,0,0.2717,0.7937,0.5442,0,-0.2767,-0.4772,0.8341,0,0,0.4994,0,1]},{"frame":25,"values":[0.9247,-0.3693,0.092,0,0.2636,0.7959,0.5451,0,-0.2745,-0.4798,0.8333,0,0,0.4994,0,1]},{"frame":26,"values":[0.9285,-0.3589,0.0957,0,0.2523,0.7985,0.5466,0,-0.2726,-0.4833,0.8319,0,0,0.4994,0,1]},{"frame":27,"values":[0.9328,-0.3459,0.1014,0,0.2376,0.8015,0.5488,0,-0.2711,-0.4878,0.8298,0,0,0.4994,0,1]},{"frame":28,"values":[0.9374,-0.3306,0.1092,0,0.2195,0.8047,0.5516,0,-0.2702,-0.4931,0.8269,0,0,0.4994,0,1]},{"frame":29,"values":[0.9422,-0.3132,0.1192,0,0.1983,0.8079,0.555,0,-0.2701,-0.4992,0.8233,0,0,0.4994,0,1]},{"frame":30,"values":[0.9467,-0.2941,0.1312,0,0.1744,0.8108,0.5587,0,-0.2707,-0.506,0.8189,0,0,0.4994,0,1]},{"frame":31,"values":[0.9508,-0.2737,0.145,0,0.1483,0.8133,0.5626,0,-0.2719,-0.5134,0.8139,0,0,0.4994,0,1]},{"frame":32,"values":[0.9548,-0.2482,0.1633,0,0.115,0.8155,0.5672,0,-0.274,-0.5228,0.8072,0,0,0.4994,0,1]},{"frame":33,"values":[0.9584,-0.2139,0.1891,0,0.0694,0.8169,0.5726,0,-0.277,-0.5356,0.7977,0,0,0.4994,0,1]},{"frame":34,"values":[0.9598,-0.1725,0.2213,0,0.0135,0.8163,0.5775,0,-0.2803,-0.5514,0.7858,0,0,0.4994,0,1]},{"frame":35,"values":[0.9579,-0.1272,0.2574,0,-0.0482,0.8126,0.5808,0,-0.283,-0.5688,0.7723,0,0,0.4994,0,1]},{"frame":36,"values":[0.9524,-0.0829,0.2933,0,-0.1089,0.806,0.5818,0,-0.2846,-0.586,0.7587,0,0,0.4994,0,1]},{"frame":37,"values":[0.9448,-0.0448,0.3247,0,-0.1617,0.7979,0.5807,0,-0.2851,-0.6011,0.7466,0,0,0.4994,0,1]},{"frame":38,"values":[0.9372,-0.0165,0.3484,0,-0.2012,0.7904,0.5787,0,-0.2849,-0.6124,0.7374,0,0,0.4994,0,1]},{"frame":39,"values":[0.9319,0.0005,0.3627,0,-0.2249,0.7852,0.577,0,-0.2845,-0.6193,0.7318,0,0,0.4994,0,1]}],"loopBehavior":1,"name":"anim","property":"_matrix"}}]}],
"meshes":[{"name":"Blob","id":"Blob","materialId":"boneanimation.Multimaterial#0","billboardMode":0,"position":[0,0,0],"rotation":[0,0,0],"scaling":[1,1,1],"isVisible":true,"isEnabled":true,"useFlatShading":false,"checkCollisions":false,"receiveShadows":false,"meshType":"Player","skeletonId":0
