{"autoClear":true,"clearColor":[0,0,0],"ambientColor":[0,0,0],"gravity":[0,-9.81,0],
"materials":[{"name":"Circle_man.Material","id":"Circle_man.Material","ambient":[0.0585,0.8,0.0258],"diffuse":[0.0468,0.64,0.0206],"specular":[0,0,0],"emissive":[0,0,0],"specularPower":50,"alpha":1,"backFaceCulling":true},{"name":"Circle_man.Material.001","id":"Circle_man.Material.001","ambient":[0.8,0.8,0.8],"diffuse":[0.8,0.8,0.8],"specular":[0,0,0],"emissive":[0,0,0],"specularPower":50,"alpha":1,"backFaceCulling":true},{"name":"Circle_man.Material.002","id":"Circle_man.Material.002","ambient":[0.022,0.022,0.022],"diffuse":[0.022,0.022,0.022],"specular":[0,0,0],"emissive":[0,0,0],"specularPower":50,"alpha":1,"backFaceCulling":true},{"name":"Circle_man.Material.003","id":"Circle_man.Material.003","ambient":[0.8,0.0009,0.0018],"diffuse":[0.64,0.0007,0.0015],"specular":[0,0,0],"emissive":[0,0,0],"specularPower":50,"alpha":1,"backFaceCulling":true}],
"multiMaterials":[{"name":"Circle_man.Multimaterial#0","id":"Circle_man.Multimaterial#0","materials":["Circle_man.Material","Circle_man.Material.001","Circle_man.Material.002","Circle_man.Material.003"]}],
"skeletons":[{"name":"Armature","id":0,"bones":[
{"name":"Bone","index":0,"matrix":[1,0,0,0,0,1.3593,0,0,0,0,-1,0,0,0.1699,0,1],"parentBoneIndex":-1,"animation":{"dataType":3,"framePerSecond":24,"keys":[{"frame":0,"values":[1,0,0,0,0,1.3593,0,0,0,0,-1,0,0,0.1699,0,1]},{"frame":111,"values":[0.9996,-0.0398,0,0,0.0293,1.3587,0,0,0,0,-1,0,0,0.1699,0,1]},{"frame":112,"values":[0.9944,-0.1439,0,0,0.1059,1.3517,0,0,0,0,-1,0,0,0.1699,0,1]},{"frame":113,"values":[0.9833,-0.2471,0,0,0.1818,1.3366,0,0,0,0,-1,0,0,0.1699,0,1]},{"frame":114,"values":[0.9776,-0.2862,0,0,0.2105,1.3288,0,0,0,0,-1,0,0,0.1699,0,1]},{"frame":115,"values":[0.9803,-0.2687,0,0,0.1977,1.3325,0,0,0,0,-1,0,0,0.1699,0,1]},{"frame":116,"values":[0.9871,-0.2178,0,0,0.1602,1.3417,0,0,0,0,-1,0,0,0.1699,0,1]},{"frame":117,"values":[0.9944,-0.1439,0,0,0.1059,1.3517,0,0,0,0,-1,0,0,0.1699,0,1]},{"frame":118,"values":[0.9987,-0.0696,0,0,0.0512,1.3575,0,0,0,0,-1,0,0,0.1699,0,1]},{"frame":119,"values":[0.9999,-0.0178,0,0,0.0131,1.3592,0,0,0,0,-1,0,0,0.1699,0,1]},{"frame":120,"values":[1,0,0,0,0,1.3593,0,0,0,0,-1,0,0,0.1699,0,1]}],"loopBehavior":1,"name":"anim","property":"_matrix"}},
{"name":"Bone.001","index":1,"matrix":[-0.9024,-0.412,0.126,0,0.4308,-0.8605,0.2719,0,-0.0036,0.2997,0.954,0,-0.1824,0.6625,1.1452,1],"parentBoneIndex":0,"animation":{"dataType":3,"framePerSecond":24,"keys":[{"frame":0,"values":[-0.9024,-0.412,0.126,0,0.4308,-0.8605,0.2719,0,-0.0036,0.2997,0.954,0,-0.1824,0.6625,1.1452,1]},{"frame":2,"values":[-0.9008,-0.4156,0.1259,0,0.4342,-0.8588,0.2719,0,-0.0048,0.2996,0.9541,0,-0.1823,0.6621,1.1452,1]},{"frame":3,"values":[-0.8959,-0.4262,0.1257,0,0.4442,-0.8537,0.2717,0,-0.0085,0.2993,0.9541,0,-0.1822,0.6609,1.1451,1]},{"frame":4,"values":[-0.8873,-0.4438,0.1254,0,0.4609,-0.8449,0.2715,0,-0.0145,0.2987,0.9542,0,-0.1821,0.6588,1.145,1]},{"frame":5,"values":[-0.8748,-0.4681,0.125,0,0.484,-0.832,0.2712,0,-0.023,0.2977,0.9544,0,-0.182,0.656,1.1448,1]},{"frame":6,"values":[-0.8578,-0.4986,0.1244,0,0.5128,-0.8147,0.2709,0,-0.0337,0.2962,0.9545,0,-0.1818,0.6523,1.1446,1]},{"frame":7,"values":[-0.8362,-0.5343,0.1237,0,0.5465,-0.7926,0.2704,0,-0.0464,0.2938,0.9547,0,-0.1818,0.6479,1.1444,1]},{"frame":8,"values":[-0.8097,-0.5738,0.1229,0,0.5837,-0.7658,0.27,0,-0.0608,0.2904,0.955,0,-0.1818,0.6429,1.1442,1]},{"frame":9,"values":[-0.7786,-0.6156,0.122,0,0.6229,-0.7344,0.2696,0,-0.0764,0.2859,0.9552,0,-0.1821,0.6373,1.1439,1]},{"frame":10,"values":[-0.7434,-0.6578,0.121,0,0.6625,-0.6991,0.2692,0,-0.0925,0.2803,0.9554,0,-0.1825,0.6313,1.1437,1]},{"frame":11,"values":[-0.7052,-0.6988,0.12,0,0.7007,-0.6609,0.2689,0,-0.1086,0.2737,0.9557,0,-0.1833,0.6251,1.1435,1]},{"frame":12,"values":[-0.6655,-0.7369,0.119,0,0.736,-0.6214,0.2686,0,-0.124,0.2663,0.9559,0,-0.1843,0.6188,1.1434,1]},{"frame":13,"values":[-0.626,-0.7708,0.118,0,0.7675,-0.5822,0.2684,0,-0.1382,0.2585,0.9561,0,-0.1858,0.6127,1.1433,1]},{"frame":14,"values":[-0.5884,-0.8,0.117,0,0.7944,-0.545,0.2682,0,-0.1508,0.2508,0.9562,0,-0.1875,0.6068,1.1433,1]},{"frame":15,"values":[-0.5544,-0.8241,0.1162,0,0.8164,-0.5114,0.2681,0,-0.1615,0.2435,0.9564,0,-0.1897,0.6014,1.1434,1]},{"frame":16,"values":[-0.5251,-0.8431,0.1156,0,0.8338,-0.4826,0.268,0,-0.1702,0.2371,0.9565,0,-0.1923,0.5965,1.1436,1]},{"frame":17,"values":[-0.5017,-0.8573,0.115,0,0.8467,-0.4596,0.268,0,-0.1769,0.2319,0.9565,0,-0.1952,0.5923,1.1439,1]},{"frame":18,"values":[-0.4847,-0.8671,0.1146,0,0.8556,-0.4429,0.268,0,-0.1816,0.228,0.9566,0,-0.1984,0.5887,1.1442,1]},{"frame":19,"values":[-0.4745,-0.8728,0.1144,0,0.8607,-0.4328,0.268,0,-0.1844,0.2256,0.9566,0,-0.2021,0.5858,1.1447,1]},{"frame":20,"values":[-0.4711,-0.8746,0.1143,0,0.8624,-0.4295,0.268,0,-0.1853,0.2248,0.9566,0,-0.206,0.5836,1.1452,1]},{"frame":21,"values":[-0.4761,-0.8719,0.1143,0,0.8599,-0.4344,0.268,0,-0.184,0.2259,0.9566,0,-0.211,0.5829,1.1457,1]},{"frame":22,"values":[-0.4911,-0.8636,0.1142,0,0.8523,-0.4492,0.268,0,-0.1802,0.2289,0.9566,0,-0.218,0.5847,1.1462,1]},{"frame":23,"values":[-0.5159,-0.849,0.114,0,0.8389,-0.4738,0.2681,0,-0.1736,0.234,0.9566,0,-0.2269,0.589,1.1465,1]},{"frame":24,"values":[-0.5502,-0.8272,0.1138,0,0.8188,-0.5077,0.2681,0,-0.164,0.2407,0.9566,0,-0.2377,0.5957,1.1468,1]},{"frame":25,"values":[-0.5928,-0.7973,0.1135,0,0.791,-0.55,0.2682,0,-0.1514,0.2488,0.9567,0,-0.2503,0.6048,1.147,1]},{"frame":26,"values":[-0.6423,-0.7581,0.1131,0,0.7544,-0.5991,0.2682,0,-0.1356,0.2576,0.9567,0,-0.2645,0.616,1.1471,1]},{"frame":27,"values":[-0.6962,-0.709,0.1127,0,0.7083,-0.6529,0.2683,0,-0.1166,0.2666,0.9567,0,-0.28,0.6292,1.1472,1]},{"frame":28,"values":[-0.7517,-0.6499,0.1122,0,0.6527,-0.7086,0.2683,0,-0.0949,0.2749,0.9568,0,-0.2966,0.6439,1.1471,1]},{"frame":29,"values":[-0.8057,-0.5818,0.1117,0,0.5881,-0.763,0.2682,0,-0.0708,0.2818,0.9569,0,-0.3137,0.6598,1.147,1]},{"frame":30,"values":[-0.855,-0.5065,0.1112,0,0.5166,-0.8132,0.2681,0,-0.0454,0.2867,0.9569,0,-0.331,0.6764,1.1468,1]},{"frame":31,"values":[-0.8974,-0.4271,0.1107,0,0.4408,-0.8567,0.268,0,-0.0197,0.2893,0.957,0,-0.3481,0.6931,1.1466,1]},{"frame":32,"values":[-0.9313,-0.3471,0.1102,0,0.3641,-0.892,0.2678,0,0.0053,0.2895,0.9571,0,-0.3644,0.7094,1.1464,1]},{"frame":33,"values":[-0.9566,-0.27,0.1098,0,0.2901,-0.9188,0.2676,0,0.0286,0.2878,0.9573,0,-0.3796,0.7248,1.1462,1]},{"frame":34,"values":[-0.9738,-0.1992,0.1094,0,0.2218,-0.9377,0.2674,0,0.0493,0.2847,0.9574,0,-0.3932,0.7388,1.146,1]},{"frame":35,"values":[-0.9845,-0.137,0.1091,0,0.1618,-0.95,0.2672,0,0.067,0.2807,0.9574,0,-0.405,0.7511,1.1457,1]},{"frame":36,"values":[-0.9904,-0.0852,0.1088,0,0.1117,-0.9572,0.267,0,0.0814,0.2766,0.9575,0,-0.4149,0.7614,1.1456,1]},{"frame":37,"values":[-0.9931,-0.0447,0.1087,0,0.0725,-0.961,0.2669,0,0.0925,0.2729,0.9576,0,-0.4225,0.7696,1.1454,1]},{"frame":38,"values":[-0.994,-0.0159,0.1085,0,0.0445,-0.9627,0.2668,0,0.1002,0.27,0.9576,0,-0.428,0.7754,1.1453,1]},{"frame":39,"values":[-0.9941,0.0012,0.1085,0,0.0279,-0.9634,0.2667,0,0.1048,0.2681,0.9577,0,-0.4313,0.7789,1.1452,1]},{"frame":40,"values":[-0.9941,0.0069,0.1084,0,0.0224,-0.9635,0.2667,0,0.1063,0.2675,0.9577,0,-0.4324,0.7801,1.1452,1]},{"frame":41,"values":[-0.9941,0.0012,0.1085,0,0.0279,-0.9634,0.2667,0,0.1048,0.2681,0.9577,0,-0.4313,0.7789,1.1452,1]},{"frame":42,"values":[-0.994,-0.0159,0.1085,0,0.0445,-0.9627,0.2668,0,0.1002,0.27,0.9576,0,-0.428,0.7754,1.1453,1]},{"frame":43,"values":[-0.9931,-0.0447,0.1087,0,0.0725,-0.961,0.2669,0,0.0925,0.2729,0.9576,0,-0.4225,0.7696,1.1454,1]},{"frame":44,"values":[-0.9904,-0.0852,0.1088,0,0.1117,-0.9572,0.267,0,0.0814,0.2766,0.9575,0,-0.4148,0.7615,1.1455,1]},{"frame":45,"values":[-0.9845,-0.137,0.1091,0,0.1618,-0.95,0.2672,0,0.067,0.2807,0.9574,0,-0.405,0.7511,1.1457,1]},{"frame":46,"values":[-0.9738,-0.1992,0.1094,0,0.2218,-0.9377,0.2674,0,0.0493,0.2847,0.9574,0,-0.3931,0.7388,1.1459,1]},{"frame":47,"values":[-0.9566,-0.27,0.1098,0,0.2901,-0.9188,0.2676,0,0.0286,0.2878,0.9573,0,-0.3794,0.7248,1.1462,1]},{"frame":48,"values":[-0.9313,-0.3471,0.1102,0,0.3641,-0.892,0.2678,0,0.0053,0.2895,0.9571,0,-0.3643,0.7094,1.1464,1]},{"frame":49,"values":[-0.8974,-0.4271,0.1107,0,0.4408,-0.8567,0.268,0,-0.0197,0.2893,0.957,0,-0.3479,0.6932,1.1466,1]},{"frame":50,"values":[-0.855,-0.5065,0.1112,0,0.5166,-0.8132,0.2681,0,-0.0454,0.2867,0.9569,0,-0.3309,0.6765,1.1468,1]},{"frame":51,"values":[-0.8057,-0.5818,0.1117,0,0.5881,-0.763,0.2682,0,-0.0708,0.2818,0.9569,0,-0.3135,0.6599,1.147,1]},{"frame":52,"values":[-0.7517,-0.6499,0.1122,0,0.6527,-0.7086,0.2683,0,-0.0949,0.2749,0.9568,0,-0.2963,0.644,1.1471,1]},{"frame":53,"values":[-0.6962,-0.709,0.1127,0,0.7083,-0.6529,0.2683,0,-0.1166,0.2666,0.9567,0,-0.2798,0.6293,1.1471,1]},{"frame":54,"values":[-0.6423,-0.7581,0.1131,0,0.7544,-0.5991,0.2682,0,-0.1356,0.2576,0.9567,0,-0.2643,0.6161,1.1471,1]},{"frame":55,"values":[-0.5928,-0.7973,0.1135,0,0.791,-0.55,0.2682,0,-0.1514,0.2488,0.9567,0,-0.2501,0.6049,1.147,1]},{"frame":56,"values":[-0.5502,-0.8272,0.1138,0,0.8188,-0.5077,0.2681,0,-0.164,0.2407,0.9566,0,-0.2375,0.5958,1.1468,1]},{"frame":57,"values":[-0.5159,-0.849,0.114,0,0.8389,-0.4738,0.2681,0,-0.1736,0.234,0.9566,0,-0.2268,0.5891,1.1465,1]},{"frame":58,"values":[-0.4911,-0.8636,0.1142,0,0.8523,-0.4492,0.268,0,-0.1802,0.2289,0.9566,0,-0.2179,0.5848,1.1461,1]},{"frame":59,"values":[-0.4761,-0.8719,0.1143,0,0.8599,-0.4344,0.268,0,-0.184,0.2259,0.9566,0,-0.2109,0.5829,1.1457,1]},{"frame":60,"values":[-0.4711,-0.8746,0.1143,0,0.8624,-0.4295,0.268,0,-0.1853,0.2248,0.9566,0,-0.206,0.5836,1.1452,1]},{"frame":61,"values":[-0.4713,-0.8745,0.1142,0,0.8623,-0.4298,0.2677,0,-0.185,0.2246,0.9567,0,-0.2022,0.5856,1.1447,1]},{"frame":62,"values":[-0.4721,-0.8742,0.1139,0,0.8621,-0.4308,0.2667,0,-0.1841,0.2241,0.957,0,-0.1988,0.5882,1.1443,1]},{"frame":63,"values":[-0.4736,-0.8734,0.1134,0,0.8616,-0.4327,0.2652,0,-0.1826,0.2233,0.9575,0,-0.1958,0.5912,1.1439,1]},{"frame":64,"values":[-0.476,-0.8722,0.1128,0,0.8607,-0.4357,0.2633,0,-0.1805,0.2225,0.9581,0,-0.1932,0.5946,1.1437,1]},{"frame":65,"values":[-0.4797,-0.8703,0.1121,0,0.8592,-0.44,0.2611,0,-0.1779,0.2216,0.9588,0,-0.1909,0.5984,1.1435,1]},{"frame":66,"values":[-0.4847,-0.8675,0.1114,0,0.857,-0.4457,0.2586,0,-0.1747,0.2208,0.9595,0,-0.1889,0.6024,1.1433,1]},{"frame":67,"values":[-0.4914,-0.8639,0.1107,0,0.854,-0.453,0.2558,0,-0.1709,0.2203,0.9604,0,-0.1872,0.6068,1.1433,1]},{"frame":68,"values":[-0.5001,-0.859,0.11,0,0.8498,-0.4623,0.253,0,-0.1665,0.22,0.9612,0,-0.1857,0.6113,1.1433,1]},{"frame":69,"values":[-0.5109,-0.8527,0.1094,0,0.8444,-0.4738,0.2502,0,-0.1614,0.2202,0.962,0,-0.1845,0.6161,1.1433,1]},{"frame":70,"values":[-0.5242,-0.8446,0.109,0,0.8372,-0.4877,0.2474,0,-0.1557,0.221,0.9628,0,-0.1835,0.621,1.1434,1]},{"frame":71,"values":[-0.5404,-0.8343,0.1088,0,0.828,-0.5045,0.2447,0,-0.1493,0.2224,0.9635,0,-0.1828,0.626,1.1435,1]},{"frame":72,"values":[-0.56,-0.8213,0.1089,0,0.8163,-0.5244,0.2424,0,-0.142,0.2246,0.964,0,-0.1822,0.6311,1.1436,1]},{"frame":73,"values":[-0.5832,-0.8049,0.1094,0,0.8012,-0.5479,0.2405,0,-0.1337,0.2279,0.9645,0,-0.1818,0.6362,1.1438,1]},{"frame":74,"values":[-0.6108,-0.784,0.1102,0,0.782,-0.5756,0.2393,0,-0.1242,0.2323,0.9647,0,-0.1816,0.6412,1.144,1]},{"frame":75,"values":[-0.6434,-0.7574,0.1116,0,0.7571,-0.608,0.2389,0,-0.1131,0.2382,0.9646,0,-0.1816,0.6461,1.1443,1]},{"frame":76,"values":[-0.6816,-0.7229,0.1135,0,0.7249,-0.6458,0.2398,0,-0.1,0.2457,0.9642,0,-0.1816,0.6507,1.1445,1]},{"frame":77,"values":[-0.7262,-0.6776,0.1161,0,0.6823,-0.6897,0.2424,0,-0.0842,0.2553,0.9632,0,-0.1818,0.655,1.1447,1]},{"frame":78,"values":[-0.7779,-0.6169,0.1192,0,0.625,-0.7403,0.2476,0,-0.0645,0.2672,0.9615,0,-0.182,0.6586,1.1449,1]},{"frame":79,"values":[-0.8371,-0.5331,0.1228,0,0.5457,-0.7977,0.2567,0,-0.0389,0.2819,0.9587,0,-0.1823,0.6614,1.1451,1]},{"frame":80,"values":[-0.9024,-0.412,0.126,0,0.4308,-0.8605,0.2719,0,-0.0036,0.2997,0.954,0,-0.1824,0.6625,1.1452,1]},{"frame":81,"values":[-0.9956,-0.0124,0.0932,0,0.0564,-0.8718,0.4865,0,0.0753,0.4896,0.8687,0,-0.1824,0.6625,1.1452,1]},{"frame":82,"values":[-0.9544,0.2963,-0.0354,0,-0.2216,-0.6241,0.7492,0,0.1999,0.723,0.6613,0,-0.1824,0.6625,1.1452,1]},{"frame":83,"values":[-0.9529,0.2888,-0.0925,0,-0.2133,-0.4217,0.8813,0,0.2155,0.8595,0.4634,0,-0.1824,0.6625,1.1452,1]},{"frame":84,"values":[-0.9567,0.2502,-0.1487,0,-0.2043,-0.2134,0.9554,0,0.2073,0.9444,0.2553,0,-0.1824,0.6625,1.1452,1]},{"frame":85,"values":[-0.9544,0.219,-0.2029,0,-0.21,-0.0094,0.9776,0,0.2121,0.9757,0.055,0,-0.1824,0.6625,1.1452,1]},{"frame":86,"values":[-0.9422,0.1983,-0.27,0,-0.2264,0.2172,0.9495,0,0.2469,0.9558,-0.1597,0,-0.1824,0.6782,1.148,1]},{"frame":87,"values":[-0.9207,0.1713,-0.3507,0,-0.2424,0.4532,0.8578,0,0.3059,0.8748,-0.3758,0,-0.1824,0.7194,1.1553,1]},{"frame":88,"values":[-0.8992,0.1403,-0.4145,0,-0.2467,0.6198,0.745,0,0.3614,0.7722,-0.5227,0,-0.1824,0.7606,1.1626,1]},{"frame":89,"values":[-0.889,0.1203,-0.4417,0,-0.2457,0.6888,0.6821,0,0.3863,0.7149,-0.5828,0,-0.1824,0.7763,1.1654,1]},{"frame":90,"values":[-0.8865,0.1101,-0.4494,0,-0.2453,0.7118,0.6581,0,0.3924,0.6937,-0.6041,0,-0.1824,0.7763,1.1654,1]},{"frame":91,"values":[-0.8855,0.103,-0.4531,0,-0.245,0.7251,0.6436,0,0.3948,0.6809,-0.6168,0,-0.1824,0.7763,1.1654,1]},{"frame":92,"values":[-0.8865,0.0979,-0.4522,0,-0.2451,0.7295,0.6385,0,0.3924,0.6769,-0.6228,0,-0.1824,0.7763,1.1654,1]},{"frame":93,"values":[-0.8891,0.0925,-0.4483,0,-0.2456,0.7299,0.6379,0,0.3862,0.6772,-0.6262,0,-0.1824,0.7763,1.1654,1]},{"frame":94,"values":[-0.9053,0.0978,-0.4134,0,-0.2457,0.6732,0.6975,0,0.3465,0.733,-0.5854,0,-0.1824,0.7712,1.1645,1]},{"frame":95,"values":[-0.9462,0.1086,-0.3048,0,-0.2236,0.4614,0.8585,0,0.2339,0.8805,-0.4123,0,-0.1824,0.7559,1.1617,1]},{"frame":96,"values":[-0.9913,0.0614,-0.1167,0,-0.1149,0.0315,0.9929,0,0.0647,0.9976,-0.0242,0,-0.1824,0.7326,1.1576,1]},{"frame":97,"values":[-0.9934,-0.0963,0.0622,0,0.1006,-0.4716,0.8761,0,-0.055,0.8766,0.4782,0,-0.1824,0.7062,1.1529,1]},{"frame":98,"values":[-0.9525,-0.2748,0.1311,0,0.2988,-0.7608,0.5761,0,-0.0585,0.5879,0.8068,0,-0.1824,0.6829,1.1488,1]},{"frame":99,"values":[-0.9153,-0.3806,0.1316,0,0.4021,-0.8471,0.3474,0,-0.0207,0.3709,0.9284,0,-0.1824,0.6677,1.1461,1]},{"frame":100,"values":[-0.9024,-0.412,0.126,0,0.4308,-0.8605,0.2719,0,-0.0036,0.2997,0.954,0,-0.1824,0.6625,1.1452,1]},{"frame":111,"values":[-0.8591,-0.4965,0.124,0,0.5107,-0.816,0.2708,0,-0.0332,0.296,0.9546,0,-0.1824,0.6625,1.1452,1]},{"frame":112,"values":[-0.7069,-0.6973,0.1183,0,0.6989,-0.6628,0.2688,0,-0.109,0.2727,0.9559,0,-0.1824,0.6625,1.1452,1]},{"frame":113,"values":[-0.509,-0.8534,0.1122,0,0.8425,-0.4672,0.2682,0,-0.1764,0.2311,0.9568,0,-0.1824,0.6625,1.1452,1]},{"frame":114,"values":[-0.4254,-0.8983,0.1099,0,0.8829,-0.3853,0.2684,0,-0.1987,0.2112,0.957,0,-0.1824,0.6625,1.1452,1]},{"frame":115,"values":[-0.4631,-0.8793,0.111,0,0.8659,-0.4222,0.2683,0,-0.189,0.2203,0.9569,0,-0.1824,0.6625,1.1452,1]},{"frame":116,"values":[-0.5691,-0.8143,0.114,0,0.8069,-0.5263,0.2682,0,-0.1584,0.2446,0.9566,0,-0.1824,0.6625,1.1452,1]},{"frame":117,"values":[-0.7069,-0.6973,0.1183,0,0.6989,-0.6628,0.2688,0,-0.109,0.2727,0.9559,0,-0.1824,0.6625,1.1452,1]},{"frame":118,"values":[-0.8212,-0.5573,0.1225,0,0.5679,-0.7775,0.2701,0,-0.0553,0.2913,0.955,0,-0.1824,0.6625,1.1452,1]},{"frame":119,"values":[-0.8842,-0.4501,0.1251,0,0.4669,-0.8416,0.2714,0,-0.0169,0.2984,0.9543,0,-0.1824,0.6625,1.1452,1]},{"frame":120,"values":[-0.9024,-0.412,0.126,0,0.4308,-0.8605,0.2719,0,-0.0036,0.2997,0.954,0,-0.1824,0.6625,1.1452,1]}],"loopBehavior":1,"name":"anim","property":"_matrix"}},
{"name":"Bone.002","index":2,"matrix":[-0.072,-0.4682,0.8807,0,0.9968,-0.0651,0.0469,0,0.0354,0.8812,0.4714,0,-0.2814,-0.3509,0.527,1],"parentBoneIndex":0,"animation":{"dataType":3,"framePerSecond":24,"keys":[{"frame":0,"values":[-0.072,-0.4682,0.8807,0,0.9968,-0.0651,0.0469,0,0.0354,0.8812,0.4714,0,-0.2814,-0.3509,0.527,1]},{"frame":2,"values":[-0.0715,-0.4683,0.8807,0,0.9968,-0.064,0.0469,0,0.0344,0.8813,0.4714,0,-0.2784,-0.351,0.527,1]},{"frame":3,"values":[-0.07,-0.4685,0.8807,0,0.997,-0.0608,0.0469,0,0.0316,0.8814,0.4714,0,-0.2695,-0.3511,0.5269,1]},{"frame":4,"values":[-0.0674,-0.4689,0.8807,0,0.9974,-0.0553,0.0469,0,0.0267,0.8815,0.4714,0,-0.2546,-0.3513,0.5267,1]},{"frame":5,"values":[-0.0638,-0.4694,0.8807,0,0.9978,-0.0477,0.0469,0,0.02,0.8817,0.4714,0,-0.2339,-0.3514,0.5264,1]},{"frame":6,"values":[-0.0593,-0.47,0.8807,0,0.9982,-0.0381,0.0469,0,0.0115,0.8819,0.4714,0,-0.2075,-0.3515,0.526,1]},{"frame":7,"values":[-0.0538,-0.4706,0.8807,0,0.9985,-0.0266,0.0468,0,0.0014,0.8819,0.4714,0,-0.1762,-0.3514,0.5256,1]},{"frame":8,"values":[-0.0477,-0.4713,0.8807,0,0.9988,-0.0135,0.0468,0,-0.0101,0.8819,0.4714,0,-0.1405,-0.3512,0.5252,1]},{"frame":9,"values":[-0.0409,-0.4719,0.8807,0,0.9989,0.0007,0.0468,0,-0.0227,0.8816,0.4714,0,-0.1016,-0.3506,0.5248,1]},{"frame":10,"values":[-0.0338,-0.4725,0.8807,0,0.9988,0.0157,0.0468,0,-0.036,0.8812,0.4714,0,-0.0606,-0.3496,0.5245,1]},{"frame":11,"values":[-0.0265,-0.4729,0.8807,0,0.9984,0.031,0.0467,0,-0.0494,0.8805,0.4714,0,-0.0189,-0.3482,0.5242,1]},{"frame":12,"values":[-0.0194,-0.4733,0.8807,0,0.9978,0.046,0.0467,0,-0.0626,0.8797,0.4714,0,0.0222,-0.3462,0.5239,1]},{"frame":13,"values":[-0.0126,-0.4735,0.8807,0,0.9971,0.0602,0.0467,0,-0.0751,0.8787,0.4714,0,0.0612,-0.3437,0.5238,1]},{"frame":14,"values":[-0.0064,-0.4736,0.8807,0,0.9962,0.0733,0.0466,0,-0.0866,0.8777,0.4714,0,0.097,-0.3405,0.5238,1]},{"frame":15,"values":[-0.0009,-0.4737,0.8807,0,0.9953,0.0847,0.0466,0,-0.0967,0.8766,0.4714,0,0.1286,-0.3367,0.524,1]},{"frame":16,"values":[0.0037,-0.4737,0.8807,0,0.9944,0.0944,0.0466,0,-0.1052,0.8756,0.4714,0,0.1552,-0.3323,0.5243,1]},{"frame":17,"values":[0.0073,-0.4736,0.8807,0,0.9937,0.102,0.0466,0,-0.1119,0.8748,0.4714,0,0.1762,-0.3273,0.5247,1]},{"frame":18,"values":[0.0099,-0.4736,0.8807,0,0.9931,0.1074,0.0466,0,-0.1167,0.8742,0.4714,0,0.1915,-0.3218,0.5254,1]},{"frame":19,"values":[0.0115,-0.4735,0.8807,0,0.9928,0.1107,0.0466,0,-0.1196,0.8738,0.4714,0,0.2007,-0.3157,0.5261,1]},{"frame":20,"values":[0.012,-0.4735,0.8807,0,0.9926,0.1119,0.0466,0,-0.1206,0.8736,0.4714,0,0.2041,-0.3091,0.527,1]},{"frame":21,"values":[0.0107,-0.4736,0.8807,0,0.9929,0.1091,0.0466,0,-0.1181,0.874,0.4714,0,0.1971,-0.3012,0.5279,1]},{"frame":22,"values":[0.0065,-0.4736,0.8807,0,0.9938,0.1005,0.0467,0,-0.1106,0.875,0.4714,0,0.1753,-0.2911,0.5287,1]},{"frame":23,"values":[-0.0006,-0.4737,0.8807,0,0.9952,0.086,0.0469,0,-0.098,0.8765,0.4713,0,0.1385,-0.2789,0.5294,1]},{"frame":24,"values":[-0.0105,-0.4735,0.8807,0,0.9967,0.0658,0.0472,0,-0.0803,0.8783,0.4713,0,0.087,-0.2645,0.5298,1]},{"frame":25,"values":[-0.023,-0.4731,0.8807,0,0.9981,0.0399,0.0475,0,-0.0576,0.8801,0.4712,0,0.0215,-0.2482,0.5302,1]},{"frame":26,"values":[-0.0381,-0.4721,0.8807,0,0.9988,0.0088,0.048,0,-0.0304,0.8815,0.4712,0,-0.057,-0.2302,0.5304,1]},{"frame":27,"values":[-0.0554,-0.4704,0.8807,0,0.9985,-0.0268,0.0485,0,0.0008,0.8821,0.4712,0,-0.1468,-0.2107,0.5304,1]},{"frame":28,"values":[-0.0743,-0.4678,0.8807,0,0.9966,-0.0661,0.049,0,0.0353,0.8814,0.4711,0,-0.2456,-0.1902,0.5304,1]},{"frame":29,"values":[-0.0944,-0.4642,0.8807,0,0.9929,-0.1079,0.0496,0,0.072,0.8791,0.4711,0,-0.3509,-0.1691,0.5302,1]},{"frame":30,"values":[-0.115,-0.4596,0.8806,0,0.9873,-0.1508,0.0502,0,0.1098,0.8752,0.4711,0,-0.4595,-0.148,0.5299,1]},{"frame":31,"values":[-0.1353,-0.4542,0.8806,0,0.9798,-0.1934,0.0507,0,0.1473,0.8697,0.4712,0,-0.5682,-0.1273,0.5296,1]},{"frame":32,"values":[-0.1547,-0.4481,0.8805,0,0.9708,-0.2343,0.0513,0,0.1834,0.8627,0.4712,0,-0.6735,-0.1076,0.5292,1]},{"frame":33,"values":[-0.1727,-0.4416,0.8804,0,0.9608,-0.2723,0.0518,0,0.2169,0.8549,0.4713,0,-0.7726,-0.0895,0.5288,1]},{"frame":34,"values":[-0.1887,-0.4351,0.8804,0,0.9505,-0.3064,0.0523,0,0.247,0.8466,0.4714,0,-0.8625,-0.0732,0.5284,1]},{"frame":35,"values":[-0.2025,-0.429,0.8803,0,0.9405,-0.3358,0.0527,0,0.273,0.8386,0.4715,0,-0.9412,-0.059,0.528,1]},{"frame":36,"values":[-0.2139,-0.4236,0.8802,0,0.9314,-0.36,0.0531,0,0.2944,0.8312,0.4716,0,-1.007,-0.0474,0.5277,1]},{"frame":37,"values":[-0.2227,-0.4191,0.8802,0,0.9239,-0.3789,0.0533,0,0.3111,0.8251,0.4716,0,-1.0588,-0.0383,0.5274,1]},{"frame":38,"values":[-0.2289,-0.4159,0.8801,0,0.9183,-0.3923,0.0535,0,0.323,0.8205,0.4717,0,-1.0959,-0.0318,0.5272,1]},{"frame":39,"values":[-0.2326,-0.4138,0.8801,0,0.9149,-0.4002,0.0536,0,0.33,0.8177,0.4717,0,-1.1181,-0.0279,0.5271,1]},{"frame":40,"values":[-0.2338,-0.4132,0.8801,0,0.9137,-0.4028,0.0537,0,0.3324,0.8167,0.4717,0,-1.1255,-0.0266,0.527,1]},{"frame":41,"values":[-0.2326,-0.4138,0.8801,0,0.9149,-0.4002,0.0536,0,0.33,0.8177,0.4717,0,-1.1181,-0.0279,0.5271,1]},{"frame":42,"values":[-0.2289,-0.4159,0.8801,0,0.9183,-0.3923,0.0535,0,0.323,0.8205,0.4717,0,-1.0959,-0.0318,0.5272,1]},{"frame":43,"values":[-0.2227,-0.4191,0.8802,0,0.9239,-0.3789,0.0533,0,0.3111,0.8251,0.4716,0,-1.0588,-0.0383,0.5274,1]},{"frame":44,"values":[-0.2139,-0.4236,0.8802,0,0.9314,-0.36,0.0531,0,0.2944,0.8312,0.4716,0,-1.007,-0.0474,0.5277,1]},{"frame":45,"values":[-0.2025,-0.429,0.8803,0,0.9405,-0.3358,0.0527,0,0.273,0.8386,0.4715,0,-0.9412,-0.0591,0.528,1]},{"frame":46,"values":[-0.1887,-0.4351,0.8804,0,0.9505,-0.3064,0.0523,0,0.247,0.8466,0.4714,0,-0.8625,-0.0733,0.5284,1]},{"frame":47,"values":[-0.1727,-0.4416,0.8804,0,0.9608,-0.2723,0.0518,0,0.2169,0.8549,0.4713,0,-0.7726,-0.0896,0.5288,1]},{"frame":48,"values":[-0.1547,-0.4481,0.8805,0,0.9708,-0.2343,0.0513,0,0.1834,0.8627,0.4712,0,-0.6736,-0.1079,0.5292,1]},{"frame":49,"values":[-0.1353,-0.4542,0.8806,0,0.9798,-0.1934,0.0507,0,0.1473,0.8697,0.4712,0,-0.5682,-0.1276,0.5296,1]},{"frame":50,"values":[-0.115,-0.4596,0.8806,0,0.9873,-0.1508,0.0502,0,0.1098,0.8752,0.4711,0,-0.4596,-0.1483,0.53,1]},{"frame":51,"values":[-0.0944,-0.4642,0.8807,0,0.9929,-0.1079,0.0496,0,0.072,0.8791,0.4711,0,-0.351,-0.1694,0.5303,1]},{"frame":52,"values":[-0.0743,-0.4678,0.8807,0,0.9966,-0.0661,0.049,0,0.0353,0.8814,0.4711,0,-0.2457,-0.1905,0.5305,1]},{"frame":53,"values":[-0.0554,-0.4704,0.8807,0,0.9985,-0.0268,0.0485,0,0.0008,0.8821,0.4712,0,-0.1468,-0.211,0.5305,1]},{"frame":54,"values":[-0.0381,-0.4721,0.8807,0,0.9988,0.0088,0.048,0,-0.0304,0.8815,0.4712,0,-0.057,-0.2305,0.5305,1]},{"frame":55,"values":[-0.023,-0.4731,0.8807,0,0.9981,0.0399,0.0475,0,-0.0576,0.8801,0.4712,0,0.0215,-0.2485,0.5303,1]},{"frame":56,"values":[-0.0105,-0.4735,0.8807,0,0.9967,0.0658,0.0472,0,-0.0803,0.8783,0.4713,0,0.087,-0.2648,0.5299,1]},{"frame":57,"values":[-0.0006,-0.4737,0.8807,0,0.9952,0.086,0.0469,0,-0.098,0.8765,0.4713,0,0.1385,-0.2791,0.5294,1]},{"frame":58,"values":[0.0065,-0.4736,0.8807,0,0.9938,0.1005,0.0467,0,-0.1106,0.875,0.4714,0,0.1753,-0.2913,0.5288,1]},{"frame":59,"values":[0.0107,-0.4736,0.8807,0,0.9929,0.1091,0.0466,0,-0.1181,0.874,0.4714,0,0.1971,-0.3013,0.528,1]},{"frame":60,"values":[0.012,-0.4735,0.8807,0,0.9926,0.1119,0.0466,0,-0.1206,0.8736,0.4714,0,0.2041,-0.3091,0.527,1]},{"frame":61,"values":[0.0116,-0.4735,0.8807,0,0.9927,0.1109,0.0466,0,-0.1197,0.8738,0.4714,0,0.2013,-0.3155,0.5261,1]},{"frame":62,"values":[0.0103,-0.4736,0.8807,0,0.993,0.1082,0.0466,0,-0.1173,0.8741,0.4714,0,0.1942,-0.3212,0.5254,1]},{"frame":63,"values":[0.0082,-0.4736,0.8807,0,0.9935,0.1039,0.0466,0,-0.1135,0.8746,0.4714,0,0.183,-0.3263,0.5248,1]},{"frame":64,"values":[0.0055,-0.4736,0.8807,0,0.9941,0.0982,0.0466,0,-0.1085,0.8752,0.4714,0,0.1681,-0.3309,0.5244,1]},{"frame":65,"values":[0.0021,-0.4737,0.8807,0,0.9947,0.0912,0.0466,0,-0.1024,0.876,0.4714,0,0.1499,-0.3349,0.5241,1]},{"frame":66,"values":[-0.0017,-0.4737,0.8807,0,0.9955,0.083,0.0466,0,-0.0952,0.8768,0.4714,0,0.1288,-0.3385,0.5239,1]},{"frame":67,"values":[-0.0061,-0.4736,0.8807,0,0.9962,0.0738,0.0466,0,-0.0871,0.8776,0.4714,0,0.1049,-0.3416,0.5239,1]},{"frame":68,"values":[-0.0109,-0.4736,0.8807,0,0.9969,0.0637,0.0467,0,-0.0782,0.8785,0.4714,0,0.0786,-0.3443,0.5239,1]},{"frame":69,"values":[-0.0161,-0.4734,0.8807,0,0.9975,0.0528,0.0467,0,-0.0686,0.8793,0.4714,0,0.0502,-0.3465,0.524,1]},{"frame":70,"values":[-0.0217,-0.4732,0.8807,0,0.9981,0.0413,0.0467,0,-0.0584,0.88,0.4714,0,0.0199,-0.3484,0.5242,1]},{"frame":71,"values":[-0.0274,-0.4729,0.8807,0,0.9985,0.0291,0.0467,0,-0.0478,0.8806,0.4714,0,-0.0119,-0.3499,0.5245,1]},{"frame":72,"values":[-0.0334,-0.4725,0.8807,0,0.9988,0.0166,0.0468,0,-0.0367,0.8812,0.4714,0,-0.045,-0.3511,0.5249,1]},{"frame":73,"values":[-0.0394,-0.472,0.8807,0,0.9989,0.0039,0.0468,0,-0.0255,0.8816,0.4714,0,-0.0789,-0.3519,0.5252,1]},{"frame":74,"values":[-0.0455,-0.4715,0.8807,0,0.9989,-0.0089,0.0468,0,-0.0142,0.8818,0.4714,0,-0.1132,-0.3525,0.5256,1]},{"frame":75,"values":[-0.0515,-0.4709,0.8807,0,0.9987,-0.0216,0.0468,0,-0.0031,0.8819,0.4714,0,-0.1475,-0.3527,0.5261,1]},{"frame":76,"values":[-0.0572,-0.4702,0.8807,0,0.9983,-0.0337,0.0468,0,0.0077,0.8819,0.4714,0,-0.1811,-0.3527,0.5265,1]},{"frame":77,"values":[-0.0625,-0.4696,0.8807,0,0.9979,-0.0449,0.0469,0,0.0176,0.8818,0.4714,0,-0.213,-0.3525,0.5268,1]},{"frame":78,"values":[-0.0671,-0.4689,0.8807,0,0.9974,-0.0547,0.0469,0,0.0262,0.8815,0.4714,0,-0.2421,-0.3521,0.5271,1]},{"frame":79,"values":[-0.0706,-0.4684,0.8807,0,0.997,-0.062,0.0469,0,0.0326,0.8813,0.4714,0,-0.2661,-0.3515,0.5272,1]},{"frame":80,"values":[-0.072,-0.4682,0.8807,0,0.9968,-0.0651,0.0469,0,0.0354,0.8812,0.4714,0,-0.2814,-0.3509,0.527,1]},{"frame":81,"values":[-0.072,-0.4682,0.8807,0,0.9968,-0.0651,0.0469,0,0.0354,0.8812,0.4714,0,-0.2839,-0.2988,0.5269,1]},{"frame":82,"values":[-0.072,-0.4682,0.8807,0,0.9968,-0.0651,0.0469,0,0.0354,0.8812,0.4714,0,-0.2814,-0.247,0.527,1]},{"frame":83,"values":[-0.1083,-0.4612,0.8806,0,0.9888,-0.1419,0.0473,0,0.1031,0.8759,0.4714,0,-0.2814,-0.2628,0.527,1]},{"frame":84,"values":[-0.1839,-0.4369,0.8805,0,0.9517,-0.3032,0.0482,0,0.2459,0.8468,0.4716,0,-0.2814,-0.3048,0.527,1]},{"frame":85,"values":[-0.2174,-0.4214,0.8804,0,0.9254,-0.3758,0.0486,0,0.3104,0.8253,0.4717,0,-0.2814,-0.346,0.527,1]},{"frame":86,"values":[-0.2174,-0.4214,0.8804,0,0.9254,-0.3758,0.0486,0,0.3104,0.8253,0.4717,0,-0.2814,-0.3858,0.527,1]},{"frame":87,"values":[-0.2174,-0.4214,0.8804,0,0.9254,-0.3758,0.0486,0,0.3104,0.8253,0.4717,0,-0.2814,-0.4323,0.527,1]},{"frame":88,"values":[-0.2174,-0.4214,0.8804,0,0.9254,-0.3758,0.0486,0,0.3104,0.8253,0.4717,0,-0.2814,-0.4677,0.527,1]},{"frame":89,"values":[-0.2174,-0.4214,0.8804,0,0.9254,-0.3758,0.0486,0,0.3104,0.8253,0.4717,0,-0.2814,-0.4796,0.527,1]},{"frame":90,"values":[-0.2098,-0.4361,0.8751,0,0.9322,-0.3593,0.0444,0,0.295,0.8251,0.4819,0,-0.281,-0.458,0.5268,1]},{"frame":91,"values":[-0.1865,-0.4742,0.8605,0,0.9497,-0.3113,0.0343,0,0.2516,0.8236,0.5084,0,-0.2801,-0.4013,0.5261,1]},{"frame":92,"values":[-0.1558,-0.5118,0.8449,0,0.9674,-0.2519,0.0258,0,0.1996,0.8213,0.5344,0,-0.2792,-0.3447,0.5255,1]},{"frame":93,"values":[-0.1323,-0.5278,0.839,0,0.9779,-0.208,0.0233,0,0.1622,0.8235,0.5436,0,-0.279,-0.323,0.5252,1]},{"frame":94,"values":[-0.1158,-0.5277,0.8415,0,0.984,-0.1763,0.0248,0,0.1353,0.831,0.5396,0,-0.2793,-0.3243,0.5253,1]},{"frame":95,"values":[-0.1009,-0.5209,0.8476,0,0.989,-0.1453,0.0284,0,0.1083,0.8412,0.5298,0,-0.2796,-0.328,0.5255,1]},{"frame":96,"values":[-0.0888,-0.5087,0.8564,0,0.9926,-0.1169,0.0335,0,0.083,0.853,0.5153,0,-0.2801,-0.3337,0.5259,1]},{"frame":97,"values":[-0.0802,-0.4939,0.8658,0,0.9949,-0.0935,0.0388,0,0.0618,0.8645,0.4988,0,-0.2806,-0.3402,0.5263,1]},{"frame":98,"values":[-0.075,-0.4803,0.8739,0,0.9961,-0.0771,0.0432,0,0.0466,0.8737,0.4842,0,-0.281,-0.3459,0.5267,1]},{"frame":99,"values":[-0.0727,-0.4713,0.879,0,0.9966,-0.0679,0.046,0,0.038,0.8794,0.4746,0,-0.2813,-0.3497,0.5269,1]},{"frame":100,"values":[-0.072,-0.4682,0.8807,0,0.9968,-0.0651,0.0469,0,0.0354,0.8812,0.4714,0,-0.2814,-0.3509,0.527,1]},{"frame":111,"values":[-0.0434,-0.4717,0.8807,0,0.9989,-0.0047,0.0467,0,-0.0179,0.8818,0.4714,0,-0.2005,-0.3194,0.527,1]},{"frame":112,"values":[0.0324,-0.4726,0.8807,0,0.987,0.1538,0.0463,0,-0.1573,0.8678,0.4714,0,0.0112,-0.2369,0.527,1]},{"frame":113,"values":[0.1073,-0.4614,0.8807,0,0.9501,0.3085,0.0458,0,-0.2928,0.8318,0.4715,0,0.2228,-0.1544,0.527,1]},{"frame":114,"values":[0.1352,-0.4541,0.8807,0,0.9297,0.3654,0.0456,0,-0.3425,0.8126,0.4716,0,0.3037,-0.1229,0.527,1]},{"frame":115,"values":[0.1228,-0.4575,0.8807,0,0.9393,0.3402,0.0457,0,-0.3205,0.8216,0.4715,0,0.2676,-0.137,0.527,1]},{"frame":116,"values":[0.0862,-0.4658,0.8807,0,0.9631,0.2651,0.0459,0,-0.2549,0.8443,0.4715,0,0.1624,-0.178,0.527,1]},{"frame":117,"values":[0.0324,-0.4726,0.8807,0,0.987,0.1538,0.0463,0,-0.1573,0.8678,0.4714,0,0.0112,-0.2369,0.527,1]},{"frame":118,"values":[-0.0219,-0.4732,0.8807,0,0.9981,0.0406,0.0466,0,-0.0578,0.88,0.4714,0,-0.1401,-0.2959,0.527,1]},{"frame":119,"values":[-0.0593,-0.47,0.8807,0,0.9982,-0.0382,0.0468,0,0.0116,0.8819,0.4714,0,-0.2452,-0.3369,0.527,1]},{"frame":120,"values":[-0.072,-0.4682,0.8807,0,0.9968,-0.0651,0.0469,0,0.0354,0.8812,0.4714,0,-0.2814,-0.3509,0.527,1]}],"loopBehavior":1,"name":"anim","property":"_matrix"}},
